rcv_time,source,instrument,net_quote_trade_volume,total_trade_bid_qty2,total_trade_ask_qty2,imbalance,contract_size_usd_multiplier,contract_size_instrument,quantity_original,quantity_converted,base_price,order_price
 1591609683796572607,44,btc_u20,-400000000,0,0,-400000000,100.000000,1.000000,400000000,4000000,852372124138,852900000000
1591609689299884432,44,btc_u20,-800000000,400000000,0,-400000000,100.000000,1.000000,400000000,4000000,852372124138,852900000000
1591609694808129437,44,btc_u20,-1200000000,800000000,0,-400000000,100.000000,1.000000,400000000,4000000,852372124138,852900000000
1591609697307274608,44,btc_u20,-1600000000,1200000000,0,-400000000,100.000000,1.000000,400000000,4000000,852372124138,852900000000
1591609700039733149,44,btc_u20,-2000000000,1600000000,0,-400000000,100.000000,1.000000,400000000,4000000,851703055114,852900000000
1591609704809508610,44,btc_m20,-2400000000,2000000000,0,-400000000,100.000000,1.000000,400000000,4000000,850694601267,853700000000
1591609709532553855,44,btc_m20,-3200000000,2400000000,0,-800000000,100.000000,1.000000,800000000,8000000,850694601267,853700000000
1591609714535235307,44,btc_m20,-4200000000,3200000000,0,-1000000000,100.000000,1.000000,1000000000,10000000,850694601267,853700000000
1591609719537394400,44,btc_m20,-5100000000,4200000000,0,-900000000,100.000000,1.000000,900000000,9000000,850694601267,853700000000
1591609724539431082,44,btc_m20,-5800000000,5100000000,0,-700000000,100.000000,1.000000,700000000,7000000,850694601267,853700000000
1591609731541742475,44,btc_m20,-6600000000,5800000000,0,-800000000,100.000000,1.000000,800000000,8000000,850694601267,853700000000
1591609741044945352,44,btc_m20,-7500000000,6600000000,0,-900000000,100.000000,1.000000,900000000,9000000,850694601267,853700000000
1591609752547897342,44,btc_m20,-8200000000,7500000000,0,-700000000,100.000000,1.000000,700000000,7000000,850694601267,853700000000
1591609767551762286,44,btc_m20,-9000000000,8200000000,0,-800000000,100.000000,1.000000,800000000,8000000,850694601267,853700000000
1591609786558126314,44,btc_m20,-9800000000,9000000000,0,-800000000,100.000000,1.000000,800000000,8000000,850694601267,853700000000
1591609816076069085,44,btc_m20,-10800000000,9800000000,0,-1000000000,100.000000,1.000000,1000000000,10000000,850694601267,853700000000
1591609854586844423,44,btc_m20,-11700000000,10800000000,0,-900000000,100.000000,1.000000,900000000,9000000,850694601267,853700000000
1591609902602064099,44,btc_m20,-12600000000,11700000000,0,-900000000,100.000000,1.000000,900000000,9000000,850694601267,853700000000
1591609956625922319,44,btc_m20,-13500000000,12600000000,0,-900000000,100.000000,1.000000,900000000,9000000,850694601267,853700000000
1591610026170764956,44,btc_m20,-14400000000,13500000000,0,-900000000,100.000000,1.000000,900000000,9000000,850694601267,853700000000
1591610105691931534,44,btc_m20,-15200000000,14400000000,0,-800000000,100.000000,1.000000,800000000,8000000,850694601267,853700000000
1591610204214394464,44,btc_m20,-16100000000,15200000000,0,-900000000,100.000000,1.000000,900000000,9000000,850694601267,853700000000
1591610324762140940,44,btc_m20,-17000000000,16100000000,0,-900000000,100.000000,1.000000,900000000,9000000,850694601267,853700000000
1591610471802706143,44,btc_m20,-17900000000,17000000000,0,-900000000,100.000000,1.000000,900000000,9000000,850694601267,853700000000
1591610648409324831,44,btc_m20,-18800000000,17900000000,0,-900000000,100.000000,1.000000,900000000,9000000,850694601267,853700000000
1591610866999976607,44,btc_m20,-19500000000,18800000000,0,-700000000,100.000000,1.000000,700000000,7000000,850694601267,853700000000
