rcv_time,source,instrument,net_quote_trade_volume,total_trade_bid_qty2,total_trade_ask_qty2,imbalance,contract_size_usd_multiplier,contract_size_instrument,quantity_original,quantity_converted,base_price,order_price
 1591605870782149049,44,btc_u20,-400000000,0,0,-400000000,100.000000,1.000000,400000000,4000000,852524985974,853500000000
1591605879286391986,44,btc_u20,-800000000,400000000,0,-400000000,100.000000,1.000000,400000000,4000000,852524985974,852900000000
1591605881875388498,44,btc_u20,-1200000000,800000000,0,-400000000,100.000000,1.000000,400000000,4000000,852524985974,852900000000
1591605884877607318,44,btc_u20,-1700000000,1200000000,0,-500000000,100.000000,1.000000,500000000,5000000,852524985974,852900000000
1591605887786125742,44,btc_u20,-2100000000,1700000000,0,-400000000,100.000000,1.000000,400000000,4000000,852524985974,852900000000
1591605891298438976,44,btc_u20,-2500000000,2100000000,0,-400000000,100.000000,1.000000,400000000,4000000,852524985974,852900000000
1591605893804194780,44,btc_u20,-2900000000,2500000000,0,-400000000,100.000000,1.000000,400000000,4000000,852524985974,852900000000
1591605896797794691,44,btc_u20,-3300000000,2900000000,0,-400000000,100.000000,1.000000,400000000,4000000,851770949110,852900000000
1591605900391437084,44,btc_u20,-4100000000,3300000000,0,-800000000,100.000000,1.000000,800000000,8000000,851770949110,852900000000
1591605903894973340,44,btc_m20,-4700000000,4100000000,0,-600000000,100.000000,1.000000,600000000,6000000,850724061456,853700000000
1591605909400983363,44,btc_m20,-5800000000,4700000000,0,-1100000000,100.000000,1.000000,1100000000,11000000,850724061456,853700000000
1591605914403411306,44,btc_m20,-6700000000,5800000000,0,-900000000,100.000000,1.000000,900000000,9000000,850724061456,853700000000
1591605919405767568,44,btc_m20,-7600000000,6700000000,0,-900000000,100.000000,1.000000,900000000,9000000,850724061456,853700000000
1591605925408038078,44,btc_m20,-8300000000,7600000000,0,-700000000,100.000000,1.000000,700000000,7000000,850724061456,853700000000
1591605933411832890,44,btc_m20,-9200000000,8300000000,0,-900000000,100.000000,1.000000,900000000,9000000,850724061456,853700000000
1591605944415053859,44,btc_m20,-9800000000,9200000000,0,-600000000,100.000000,1.000000,600000000,6000000,850724061456,853700000000
1591605958426620592,44,btc_m20,-10700000000,9800000000,0,-900000000,100.000000,1.000000,900000000,9000000,850724061456,853700000000
1591605975933224009,44,btc_m20,-11500000000,10700000000,0,-800000000,100.000000,1.000000,800000000,8000000,850724061456,853700000000
1591605997938502691,44,btc_m20,-12500000000,11500000000,0,-1000000000,100.000000,1.000000,1000000000,10000000,850724061456,853700000000
1591606025445022677,44,btc_m20,-13400000000,12500000000,0,-900000000,100.000000,1.000000,900000000,9000000,850724061456,853700000000
1591606059957177929,44,btc_m20,-14300000000,13400000000,0,-900000000,100.000000,1.000000,900000000,9000000,850724061456,853700000000
1591606102971708700,44,btc_m20,-15100000000,14300000000,0,-800000000,100.000000,1.000000,800000000,8000000,850724061456,853700000000
1591606149984581192,44,btc_m20,-15900000000,15100000000,0,-800000000,100.000000,1.000000,800000000,8000000,850724061456,853700000000
1591606205995074548,44,btc_m20,-16900000000,15900000000,0,-1000000000,100.000000,1.000000,1000000000,10000000,850724061456,853700000000
1591606276510789761,44,btc_m20,-17800000000,16900000000,0,-900000000,100.000000,1.000000,900000000,9000000,850724061456,853700000000
1591606359522880380,44,btc_m20,-18700000000,17800000000,0,-900000000,100.000000,1.000000,900000000,9000000,850724061456,853700000000
1591606454541573933,44,btc_m20,-19500000000,18700000000,0,-800000000,100.000000,1.000000,800000000,8000000,850724061456,853700000000
1591606571558745851,44,btc_m20,-20400000000,19500000000,0,-900000000,100.000000,1.000000,900000000,9000000,850724061456,853700000000
1591606717588123339,44,btc_m20,-21300000000,20400000000,0,-900000000,100.000000,1.000000,900000000,9000000,850724061456,853700000000
1591606890171854901,44,btc_m20,-22200000000,21300000000,0,-900000000,100.000000,1.000000,900000000,9000000,850724061456,853700000000
1591607059256941709,44,btc_m20,-22900000000,22200000000,0,-700000000,100.000000,1.000000,700000000,7000000,850724061456,853700000000
