rcv_time,source,instrument,net_quote_trade_volume,total_trade_bid_qty2,total_trade_ask_qty2,imbalance,contract_size_usd_multiplier,contract_size_instrument,quantity_original,quantity_converted,base_price,order_price
 1591428127700858766,44,btc_u20,-400000000,0,0,-400000000,100.000000,1.000000,400000000,4000000,852822093920,852900000000
1591428134491000718,44,btc_u20,-800000000,400000000,0,-400000000,100.000000,1.000000,400000000,4000000,852822093920,852900000000
1591428136492202274,44,btc_u20,-1200000000,800000000,0,-400000000,100.000000,1.000000,400000000,4000000,852822093920,852900000000
1591428139205446908,44,btc_u20,-1600000000,1200000000,0,-400000000,100.000000,1.000000,400000000,4000000,852822093920,852900000000
1591428142209451265,44,btc_u20,-2000000000,1600000000,0,-400000000,100.000000,1.000000,400000000,4000000,852822093920,852900000000
1591428145516668256,44,btc_u20,-2400000000,2000000000,0,-400000000,100.000000,1.000000,400000000,4000000,852822093920,852900000000
1591428148002447883,44,btc_u20,-2800000000,2400000000,0,-400000000,100.000000,1.000000,400000000,4000000,852822093920,852900000000
1591428150004668344,44,btc_m20,-3200000000,2800000000,0,-400000000,100.000000,1.000000,400000000,4000000,852106012586,853700000000
1591428154009375291,44,btc_u20,-4000000000,3200000000,0,-800000000,100.000000,1.000000,800000000,8000000,851748601124,852900000000
1591428158514019652,44,btc_m20,-5000000000,4000000000,0,-1000000000,100.000000,1.000000,1000000000,10000000,850725115897,853700000000
1591428164520032955,44,btc_m20,-5900000000,5000000000,0,-900000000,100.000000,1.000000,900000000,9000000,850725115897,853700000000
1591428171524323419,44,btc_m20,-6900000000,5900000000,0,-1000000000,100.000000,1.000000,1000000000,10000000,850725115897,853700000000
1591428179028189332,44,btc_m20,-7600000000,6900000000,0,-700000000,100.000000,1.000000,700000000,7000000,850725115897,853700000000
1591428190531032069,44,btc_m20,-8000000000,7600000000,0,-400000000,100.000000,1.000000,400000000,4000000,850725115897,853700000000
